1, 3726
2, 7452
3, 10914
4, 14376
5, 18322
6, 21764
7, 25206
8, 29229
9, 33252
9, 33252
10, 37009
11, 41310
14, 54213
14, 54213
14, 54213
16, 63697
16, 63697
18, 73181
18, 73181
20, 82685
20, 82685
22, 89465
22, 89465
23, 92855
26, 107651
26, 107651
26, 107651
27, 112583
29, 123081
29, 123081
30, 128330
31, 133579
32, 138264
34, 147634
34, 147634
35, 152319
36, 156456
37, 160593
38, 164730
38, 164730
39, 168635
42, 180350
42, 180350
42, 180350
43, 185175
44, 189796
46, 199014
46, 199014
47, 203623
51, 222611
51, 222611
51, 222611
51, 222611
52, 226846
56, 242790
56, 242790
56, 242790
56, 242790
58, 249118
58, 249118
59, 252282
60, 255446
61, 260383
65, 273683
65, 273683
65, 273683
65, 273683
67, 280393
67, 280393
70, 280669
70, 280669
70, 280669
73, 294631
73, 294631
73, 294631
75, 299649
75, 299649
75, 299649
78, 312921
78, 312921
78, 312921
80, 320483
80, 320483
81, 324264
82, 326458
84, 330834
84, 330834
87, 342057
87, 342057
87, 342057
89, 350343
89, 350343
91, 358629
91, 358629
95, 376605
95, 376605
95, 376605
95, 376605
98, 390207
98, 390207
98, 390207
98, 390207
102, 412343
102, 412343
102, 412343
102, 412343
103, 410470
104, 415897
106, 419755
106, 419755
106, 419755
107, 423142
110, 433303
110, 433303
110, 433303
111, 438824
112, 444617
115, 456191
115, 456191
115, 456191
118, 467387
118, 467387
118, 467387
119, 471119
120, 476374
122, 481629
122, 481629
123, 486884
126, 502586
126, 502586
126, 502586
126, 502586
128, 513022
128, 513022
128, 513022
128, 513022
129, 516565
132, 527194
132, 527194
132, 527194
133, 532102
136, 546826
136, 546826
136, 546826
137, 551508
138, 556184
139, 560860
140, 565536
144, 586224
144, 586224
144, 586224
144, 586224
148, 606604
148, 606604
148, 606604
148, 606604
152, 625956
152, 625956
152, 625956
152, 625956
156, 642812
156, 642812
156, 642812
156, 642812
159, 651434
159, 651434
159, 651434
160, 654308
162, 660146
162, 660146
166, 672806
166, 672806
166, 672806
166, 672806
167, 678171
168, 683612
169, 688988
170, 694780
171, 700166
174, 716288
174, 716288
174, 716288
175, 721305
176, 727079
177, 732763
178, 738435
180, 749779
180, 749779
181, 755580
185, 758340
185, 758340
185, 758340
185, 758340
189, 772972
189, 772972
189, 772972
189, 772972
193, 768932
193, 768932
193, 768932
193, 768932
195, 775446
195, 775446
197, 784316
197, 784316
200, 792638
200, 792638
200, 792638
201, 796799
202, 800168
203, 803945
204, 805268
208, 806980
208, 806980
208, 806980
208, 806980
209, 812705
210, 818318
211, 817717
212, 818130
213, 818543
214, 818956
215, 821572
217, 826452
217, 826452
217, 826452
220, 833475
220, 833475
220, 833475
221, 836769
222, 840063
223, 843357
224, 846639
225, 850532
226, 854425
227, 858318
228, 862211
229, 867116
230, 871240
231, 875638
232, 881394
233, 887150
235, 882560
235, 882560
237, 877970
237, 877970
240, 891134
240, 891134
240, 891134
240, 891134
241, 894984
242, 898979
243, 902733
244, 906487
246, 915115
246, 915115
248, 926437
248, 926437
249, 932098
250, 937667
251, 943236
252, 948805
255, 950777
255, 950777
255, 950777
258, 965435
258, 965435
258, 965435
260, 975365
260, 975365
261, 980330
262, 983401
264, 989543
264, 989543
267, 1000112
267, 1000112
267, 1000112
270, 1013612
270, 1013612
270, 1013612
273, 1024709
273, 1024709
273, 1024709
274, 1029144
275, 1033579
276, 1038014
277, 1042204
279, 1050584
279, 1050584
280, 1051699
282, 1053929
282, 1053929
284, 1062697
284, 1062697
284, 1062697
286, 1069977
286, 1069977
287, 1073617
290, 1091143
290, 1091143
290, 1091143
291, 1095156
291, 1095156
292, 1099169
293, 1103182
295, 1113652
295, 1113652
296, 1118887
297, 1124122
299, 1134316
299, 1134316
300, 1138315
301, 1142314
302, 1146593
302, 1146593
303, 1150950
303, 1150950
304, 1155307
307, 1167439
307, 1167439
307, 1167439
307, 1167439
311, 1175339
311, 1175339
311, 1175339
311, 1175339
315, 1198063
315, 1198063
315, 1198063
315, 1198063
316, 1199409
317, 1200755
319, 1203435
319, 1203435
321, 1209985
321, 1209985
322, 1213260
323, 1216535
324, 1219599
325, 1222808
327, 1229226
327, 1229226
328, 1232435
329, 1230938
332, 1226411
332, 1226411
332, 1226411
333, 1231876
335, 1242806
335, 1242806
336, 1248271
338, 1258869
338, 1258869
340, 1269467
340, 1269467
342, 1270541
342, 1270541
342, 1270541
345, 1283444
345, 1283444
345, 1283444
345, 1283444
349, 1298924
349, 1298924
349, 1298924
349, 1298924
350, 1302863
351, 1307874
354, 1323522
354, 1323522
354, 1323522
355, 1328738
359, 1351294
359, 1351294
359, 1351294
359, 1351294
360, 1356963
361, 1355545
364, 1358059
364, 1358059
364, 1358059
365, 1358897
369, 1379745
369, 1379745
369, 1379745
369, 1379745
372, 1395303
372, 1395303
372, 1395303
373, 1400489
376, 1417754
376, 1417754
376, 1417754
377, 1423509
381, 1443069
381, 1443069
381, 1443069
381, 1443069
382, 1444060
383, 1448766
384, 1453509
385, 1458202
386, 1462895
387, 1467399
390, 1474248
390, 1474248
390, 1474248
392, 1485034
392, 1485034
396, 1463374
396, 1463374
396, 1463374
396, 1463374
397, 1468716
400, 1484742
400, 1484742
400, 1484742
404, 1507390
404, 1507390
404, 1507390
404, 1507390
405, 1511020
406, 1516854
407, 1522682
409, 1534338
409, 1534338
411, 1545946
411, 1545946
413, 1557584
413, 1557584
414, 1563403
415, 1569222
418, 1586706
418, 1586706
418, 1586706
419, 1592522
423, 1608530
423, 1608530
423, 1608530
423, 1608530
425, 1620100
425, 1620100
426, 1625885
427, 1631670
430, 1649109
430, 1649109
431, 1654922
431, 1654922
435, 1678058
435, 1678058
435, 1678058
435, 1678058
439, 1701250
439, 1701250
439, 1701250
439, 1701250
440, 1707030
441, 1712578
442, 1718001
443, 1723441
444, 1729017
447, 1745745
447, 1745745
447, 1745745
448, 1749042
449, 1751488
451, 1756380
451, 1756380
452, 1758826
456, 1772566
456, 1772566
456, 1772566
456, 1772566
460, 1783402
460, 1783402
460, 1783402
460, 1783402
462, 1791042
462, 1791042
466, 1806750
466, 1806750
466, 1806750
466, 1806750
470, 1827822
470, 1827822
470, 1827822
470, 1827822
471, 1832849
472, 1837875
475, 1847232
475, 1847232
475, 1847232
477, 1853308
477, 1853308
478, 1856346
481, 1866321
481, 1866321
481, 1866321
482, 1869607
486, 1888883
486, 1888883
486, 1888883
486, 1888883
489, 1904744
489, 1904744
489, 1904744
490, 1910031
493, 1925415
493, 1925415
494, 1930543
494, 1930543
496, 1938715
496, 1938715
497, 1942801
498, 1947160
500, 1955878
500, 1955878
501, 1960237
503, 1970711
503, 1970711
505, 1981161
505, 1981161
506, 1986370
509, 2001997
509, 2001997
509, 2001997
513, 2023101
513, 2023101
513, 2023101
513, 2023101
514, 2025097
515, 2027093
517, 2031085
517, 2031085
519, 2035331
519, 2035331
521, 2037751
521, 2037751
523, 2047257
523, 2047257
525, 2058997
525, 2058997
526, 2064855
530, 2083495
530, 2083495
530, 2083495
530, 2083495
531, 2089281
532, 2095067
533, 2100853
534, 2106639
535, 2108087
538, 2112431
538, 2112431
538, 2112431
542, 2134723
542, 2134723
542, 2134723
542, 2134723
544, 2144721
544, 2144721
545, 2149720
546, 2154719
550, 2177183
550, 2177183
550, 2177183
550, 2177183
554, 2165963
554, 2165963
554, 2165963
554, 2165963
557, 2178260
557, 2178260
557, 2178260
558, 2182359
560, 2190845
560, 2190845
562, 2199331
562, 2199331
566, 2219119
566, 2219119
566, 2219119
566, 2219119
567, 2223248
570, 2235635
570, 2235635
570, 2235635
571, 2239248
572, 2242861
573, 2246474
574, 2250087
575, 2254130
576, 2258167
577, 2262204
578, 2266241
580, 2271153
580, 2271153
581, 2273609
582, 2276059
586, 2299063
586, 2299063
586, 2299063
586, 2299063
587, 2302034
589, 2307976
589, 2307976
590, 2310947
594, 2328027
594, 2328027
594, 2328027
594, 2328027
597, 2343792
597, 2343792
597, 2343792
598, 2349047
599, 2352512
601, 2359442
602, 2362907
600, 2355977
603, 2367916
604, 2372919
605, 2377922
606, 2382925
610, 2399233
610, 2399233
610, 2399233
610, 2399233
611, 2401900
614, 2409901
614, 2409901
614, 2409901
616, 2418661
616, 2418661
617, 2423041
620, 2433610
620, 2433610
620, 2433610
621, 2437133
623, 2448275
623, 2448275
625, 2454607
625, 2454607
627, 2459431
627, 2459431
629, 2470111
629, 2470111
630, 2475451
631, 2480791
632, 2486214
634, 2497060
635, 2502483
635, 2502483
636, 2507684
637, 2512885
638, 2518086
639, 2523287
640, 2526712
641, 2529789
642, 2532309
644, 2537325
644, 2537325
647, 2546928
647, 2546928
647, 2546928
648, 2550129
649, 2553628
651, 2560626
651, 2560626
652, 2564125
654, 2570307
654, 2570307
655, 2573398
656, 2576489
660, 2588509
660, 2588509
660, 2588509
660, 2588509
661, 2592477
662, 2596948
663, 2601612
664, 2606061
665, 2610510
666, 2614959
667, 2617311
667, 2617311
669, 2627271
669, 2627271
671, 2637207
671, 2637207
672, 2642756
673, 2648305
674, 2653854
677, 2671422
677, 2671422
677, 2671422
678, 2677117
680, 2688507
680, 2688507
681, 2694299
682, 2699951
683, 2705502
684, 2710905
685, 2716308
686, 2721711
687, 2727114
689, 2738216
689, 2738216
691, 2749178
691, 2749178
693, 2760034
693, 2760034
695, 2770926
695, 2770926
697, 2781958
697, 2781958
698, 2787474
699, 2792990
700, 2798544
703, 2815206
703, 2815206
703, 2815206
707, 2836406
707, 2836406
707, 2836406
707, 2836406
709, 2846496
709, 2846496
711, 2855964
711, 2855964
712, 2860497
713, 2865030
715, 2874096
715, 2874096
716, 2877746
718, 2885046
718, 2885046
719, 2888696
720, 2892747
721, 2896798
723, 2904900
723, 2904900
725, 2912554
725, 2912554
726, 2916369
727, 2920184
729, 2930174
729, 2930174
731, 2940372
731, 2940372
733, 2950476
733, 2950476
735, 2960662
735, 2960662
737, 2970836
737, 2970836
738, 2971410
739, 2975794
740, 2981202
741, 2986658
742, 2992114
743, 2997570
744, 3003026
746, 3009954
746, 3009954
748, 3016882
748, 3016882
750, 3028588
750, 3028588
752, 3040154
752, 3040154
754, 3051752
754, 3051752
755, 3057534
756, 3063316
757, 3069098
758, 3074880
761, 3087915
761, 3087915
761, 3087915
762, 3092260
764, 3100534
764, 3100534
766, 3108808
766, 3108808
770, 3130140
770, 3130140
770, 3130140
770, 3130140
772, 3141794
772, 3141794
774, 3153402
774, 3153402
776, 3165020
776, 3165020
778, 3176606
778, 3176606
780, 3188232
780, 3188232
781, 3194045
782, 3199858
783, 3205677
787, 3214345
787, 3214345
787, 3214345
787, 3214345
789, 3225959
789, 3225959
791, 3237573
791, 3237573
795, 3260061
795, 3260061
795, 3260061
795, 3260061
799, 3268345
799, 3268345
799, 3268345
799, 3268345
801, 3271705
801, 3271705
803, 3282213
803, 3282213
805, 3292507
805, 3292507
806, 3297654
810, 3318594
810, 3318594
810, 3318594
810, 3318594
814, 3338618
814, 3338618
814, 3338618
814, 3338618
816, 3344956
816, 3344956
820, 3366288
820, 3366288
820, 3366288
820, 3366288
824, 3387724
824, 3387724
824, 3387724
824, 3387724
825, 3391714
826, 3395756
827, 3399795
828, 3403825
829, 3407855
830, 3411761
833, 3423479
833, 3423479
833, 3423479
835, 3426859
835, 3426859
835, 3426859
836, 3428543
837, 3432514
839, 3440456
839, 3440456
840, 3444427
844, 3466603
844, 3466603
844, 3466603
844, 3466603
846, 3469661
846, 3469661
847, 3471184
848, 3472707
849, 3477665
850, 3480994
851, 3486239
852, 3491484
853, 3496729
853, 3496729
854, 3497816
855, 3499723
859, 3517903
859, 3517903
859, 3517903
859, 3517903
863, 3539431
863, 3539431
863, 3539431
863, 3539431
864, 3542121
867, 3550173
867, 3550173
867, 3550173
871, 3567749
871, 3567749
871, 3567749
871, 3567749
875, 3584289
875, 3584289
875, 3584289
875, 3584289
878, 3598494
878, 3598494
878, 3598494
878, 3598494
881, 3612777
881, 3612777
881, 3612777
881, 3612777
885, 3631225
885, 3631225
885, 3631225
885, 3631225
887, 3639379
887, 3639379
889, 3647533
889, 3647533
893, 3659749
893, 3659749
893, 3659749
893, 3659749
894, 3661216
895, 3662913
896, 3666978
900, 3680458
900, 3680458
900, 3680458
900, 3680458
904, 3703822
904, 3703822
904, 3703822
904, 3703822
908, 3719642
908, 3719642
908, 3719642
908, 3719642
909, 3723906
910, 3728264
914, 3745516
914, 3745516
914, 3745516
914, 3745516
918, 3750208
918, 3750208
918, 3750208
918, 3750208
922, 3762300
922, 3762300
922, 3762300
922, 3762300
926, 3775496
926, 3775496
926, 3775496
926, 3775496
927, 3780441
928, 3785081
929, 3789973
930, 3794867
931, 3799813
932, 3804777
936, 3820213
936, 3820213
936, 3820213
936, 3820213
937, 3824817
940, 3838629
940, 3838629
940, 3838629
942, 3849057
942, 3849057
943, 3850281
944, 3851505
945, 3852729
948, 3864498
948, 3864498
948, 3864498
949, 3869577
950, 3874196
951, 3878675
952, 3880855
954, 3885215
954, 3885215
954, 3885215
956, 3895559
956, 3895559
958, 3907021
958, 3907021
960, 3918349
960, 3918349
961, 3924001
964, 3941185
964, 3941185
964, 3941185
965, 3946991
966, 3951912
967, 3957783
969, 3969517
969, 3969517
970, 3975376
973, 3992644
973, 3992644
973, 3992644
974, 3998400
978, 4017712
978, 4017712
978, 4017712
978, 4017712
980, 4023038
980, 4023038
981, 4023242
983, 4023822
983, 4023822
984, 4024106
985, 4028590
987, 4037558
987, 4037558
990, 4044188
990, 4044188
990, 4044188
992, 4053668
992, 4053668
992, 4053668
995, 4069193
995, 4069193
995, 4069193
999, 4074969
999, 4074969
999, 4074969
999, 4074969
1001, 4080707
1001, 4080707
1004, 4078436
1004, 4078436
1004, 4078436
1006, 4088630
1006, 4088630
1007, 4093715
1010, 4109123
1010, 4109123
1010, 4109123
1014, 4129683
1014, 4129683
1014, 4129683
1014, 4129683
1015, 4134772
1016, 4139906
1017, 4145040
1018, 4150174
1019, 4155308
1020, 4160755
1021, 4166376
1022, 4172054
1025, 4189088
1025, 4189088
1025, 4189088
1026, 4192335
1027, 4195582
1028, 4198829
1029, 4202076
1030, 4207499
1031, 4212922
1033, 4223682
1033, 4223682
1034, 4229050
1036, 4240042
1036, 4240042
1040, 4250342
1040, 4250342
1040, 4250342
1040, 4250342
1042, 4254044
1042, 4254044
1044, 4262270
1044, 4262270
1045, 4264107
1048, 4269618
1048, 4269618
1048, 4269618
1052, 4288033
1052, 4288033
1052, 4288033
1052, 4288033
1056, 4308233
1056, 4308233
1056, 4308233
1056, 4308233
1058, 4316191
1058, 4316191
1059, 4320170
1061, 4328228
1061, 4328228
1062, 4332257
1066, 4347993
1066, 4347993
1066, 4347993
1066, 4347993
1069, 4352250
1069, 4352250
1069, 4352250
1072, 4369212
1072, 4369212
1072, 4369212
1073, 4374608
1076, 4390796
1076, 4390796
1076, 4390796
1080, 4411740
1080, 4411740
1080, 4411740
1080, 4411740
1084, 4430880
1084, 4430880
1084, 4430880
1084, 4430880
1088, 4448388
1088, 4448388
1088, 4448388
1088, 4448388
1092, 4449996
1092, 4449996
1092, 4449996
1092, 4449996
1093, 4453851
1094, 4457698
1096, 4465598
1096, 4465598
1098, 4472266
1098, 4472266
1099, 4476103
1100, 4479940
1102, 4488088
1102, 4488088
1104, 4496232
1104, 4496232
1106, 4505108
1106, 4505108
1107, 4510172
1108, 4514892
1109, 4519509
1113, 4540341
1113, 4540341
1113, 4540341
1113, 4540341
1117, 4563549
1117, 4563549
1117, 4563549
1117, 4563549
1119, 4571963
1119, 4571963
1120, 4574515
1124, 4589567
1124, 4589567
1124, 4589567
1124, 4589567
1127, 4601369
1127, 4601369
1127, 4601369
1128, 4605303
1131, 4614954
1131, 4614954
1131, 4614954
1132, 4618171
1134, 4629503
1134, 4629503
1136, 4640717
1136, 4640717
1138, 4652283
1138, 4652283
1140, 4663703
1140, 4663703
1142, 4675123
1142, 4675123
1146, 4698015
1146, 4698015
1146, 4698015
1146, 4698015
1147, 4703798
1148, 4709192
1149, 4714689
1150, 4720409
1151, 4724933
1154, 4738505
1154, 4738505
1154, 4738505
1157, 4750940
1157, 4750940
1158, 4755085
1158, 4755085
1159, 4759843
1160, 4764601
1161, 4769359
1162, 4774117
1163, 4779555
1166, 4795869
1166, 4795869
1166, 4795869
1167, 4795302
1169, 4794168
1169, 4794168
1172, 4810794
1172, 4810794
1172, 4810794
1174, 4819884
1174, 4819884
1175, 4824429
1176, 4828980
1177, 4833531
1178, 4838082
1181, 4843317
1181, 4843317
1181, 4843317
1184, 4832553
1184, 4832553
1184, 4832553
1186, 4844063
1186, 4844063
1187, 4849818
1191, 4866414
1191, 4866414
1191, 4866414
1191, 4866414
1192, 4871793
1193, 4876984
1194, 4882163
1196, 4892521
1196, 4892521
1197, 4898299
1199, 4909855
1199, 4909855
1200, 4914476
1201, 4915104
1203, 4916360
1203, 4916360
1204, 4916988
1205, 4920682
1208, 4931764
1208, 4931764
1208, 4931764
1212, 4940064
1212, 4940064
1212, 4940064
1212, 4940064
1213, 4943919
1213, 4943919
1217, 4954875
1217, 4954875
1217, 4954875
1217, 4954875
1221, 4976279
1221, 4976279
1221, 4976279
1221, 4976279
1222, 4981654
1225, 4997779
1225, 4997779
1225, 4997779
1229, 5013023
1229, 5013023
1229, 5013023
1229, 5013023
1230, 5018453
1231, 5023989
1232, 5029525
1234, 5039991
1234, 5039991
1236, 5040265
1236, 5040265
1238, 5051695
1238, 5051695
1240, 5063071
1240, 5063071
1241, 5068759
1242, 5074446
1245, 5091276
1245, 5091276
1245, 5091276
1245, 5091276
1246, 5096737
1247, 5102405
1251, 5122297
1251, 5122297
1251, 5122297
1251, 5122297
1252, 5127622
1256, 5132882
1256, 5132882
1256, 5132882
1256, 5132882
1260, 5156030
1260, 5156030
1260, 5156030
1260, 5156030
1264, 5176386
1264, 5176386
1264, 5176386
1264, 5176386
1265, 5178946
1268, 5186626
1268, 5186626
1268, 5186626
1269, 5191255
1270, 5195884
1272, 5205142
1272, 5205142
1276, 5223266
1276, 5223266
1276, 5223266
1276, 5223266
1280, 5234706
1280, 5234706
1280, 5234706
1280, 5234706
1281, 5238987
1282, 5242890
1283, 5246793
1284, 5250635
1285, 5254477
1286, 5258319
1287, 5262161
1288, 5267876
1289, 5273591
1290, 5279300
1293, 5286158
1293, 5286158
1294, 5288432
1294, 5288432
1295, 5290781
1297, 5295455
1297, 5295455
1298, 5297792
1299, 5298733
1299, 5298733
1301, 5300615
1301, 5300615
1302, 5305695
1303, 5309983
1304, 5314254
1305, 5318531
1306, 5322808
1307, 5327085
1308, 5331350
1309, 5337130
1310, 5342910
1311, 5348690
1312, 5354487
1313, 5360284
1314, 5366081
1317, 5383451
1317, 5383451
1317, 5383451
1318, 5389217
1320, 5400749
1320, 5400749
1321, 5406522
1322, 5412295
1323, 5418068
1324, 5423838
1326, 5435480
1326, 5435480
1328, 5447122
1328, 5447122
1329, 5452905
1330, 5458688
1331, 5464471
1332, 5470254
1333, 5473717
1334, 5477180
1337, 5487839
1337, 5487839
1337, 5487839
1339, 5492273
1339, 5492273
1339, 5492273
1341, 5501291
1341, 5501291
1344, 5518718
1344, 5518718
1344, 5518718
1347, 5527274
1347, 5527274
1347, 5527274
1349, 5537014
1349, 5537014
1349, 5537014
1350, 5541400
1351, 5545786
1352, 5550172
1353, 5555169
1354, 5560166
1355, 5565163
1356, 5570160
1358, 5581000
1358, 5581000
1359, 5586420
1360, 5591840
1364, 5563808
1364, 5563808
1364, 5563808
1364, 5563808
1368, 5580344
1368, 5580344
1368, 5580344
1368, 5580344
1369, 5584019
1372, 5595044
1372, 5595044
1372, 5595044
1374, 5604274
1374, 5604274
1376, 5614230
1376, 5614230
1377, 5616246
1378, 5618262
1379, 5620278
1380, 5625505
1381, 5631285
1383, 5642821
1383, 5642821
1385, 5651071
1385, 5651071
1385, 5651071
1388, 5668654
1388, 5668654
1388, 5668654
1389, 5672268
1391, 5679496
1391, 5679496
1394, 5696299
1394, 5696299
1394, 5696299
1396, 5706929
1396, 5706929
1397, 5712244
1399, 5717420
1399, 5717420
1401, 5725122
1401, 5725122
1402, 5728973
1403, 5732824
1407, 5755784
1407, 5755784
1407, 5755784
1407, 5755784
1411, 5774916
1411, 5774916
1411, 5774916
1411, 5774916
1412, 5779442
1414, 5788912
1414, 5788912
1415, 5793647
1416, 5798382
1418, 5809908
1418, 5809908
1418, 5809908
1418, 5809908
1419, 5813710
1420, 5817512
1421, 5822276
1421, 5822276
1423, 5829778
1423, 5829778
1425, 5834388
1425, 5834388
1426, 5836693
1427, 5838998
1429, 5849234
1429, 5849234
1431, 5859470
1431, 5859470
1435, 5880206
1435, 5880206
1435, 5880206
1435, 5880206
1436, 5884934
1438, 5894390
1438, 5894390
1439, 5899118
1440, 5903863
1443, 5918098
1443, 5918098
1443, 5918098
1446, 5931979
1446, 5931979
1446, 5931979
1450, 5932043
1450, 5932043
1450, 5932043
1450, 5932043
1453, 5948021
1453, 5948021
1453, 5948021
1454, 5953347
1458, 5960651
1458, 5960651
1458, 5960651
1458, 5960651
1460, 5960143
1460, 5960143
1462, 5959623
1462, 5959623
1463, 5963285
1465, 5971503
1465, 5971503
1467, 5978813
1467, 5978813
1467, 5978813
1467, 5978813
1471, 5991381
1471, 5991381
1471, 5991381
1471, 5991381
1473, 5995445
1473, 5995445
1473, 5995445
1474, 5997477
1476, 6005699
1476, 6005699
1477, 6009831
1478, 6013963
1481, 6026284
1481, 6026284
1481, 6026284
1482, 6030591
1484, 6039205
1484, 6039205
1485, 6043784
1486, 6048363
1488, 6057521
1488, 6057521
1489, 6060078
1490, 6065847
1493, 6083130
1493, 6083130
1493, 6083130
1495, 6094706
1496, 6100494
1496, 6100494
1499, 6117903
1499, 6117903
1499, 6117903
1502, 6135177
1502, 6135177
1502, 6135177
1503, 6140935
1507, 6163579
1507, 6163579
1507, 6163579
1507, 6163579
1508, 6169387
1511, 6186811
1511, 6186811
1511, 6186811
1515, 6209959
1515, 6209959
1515, 6209959
1515, 6209959
1519, 6233163
1519, 6233163
1519, 6233163
1519, 6233163
1520, 6238966
1522, 6250530
1522, 6250530
1526, 6273410
1526, 6273410
1526, 6273410
1526, 6273410
1529, 6290798
1529, 6290798
1530, 6296594
1530, 6296594
1534, 6319850
1534, 6319850
1534, 6319850
1534, 6319850
1538, 6343046
1538, 6343046
1538, 6343046
1538, 6343046
1542, 6366266
1542, 6366266
1542, 6366266
1542, 6366266
1546, 6389530
1546, 6389530
1546, 6389530
1546, 6389530
1550, 6412766
1550, 6412766
1550, 6412766
1550, 6412766
1553, 6430151
1553, 6430151
1553, 6430151
1553, 6430151
1556, 6447584
1556, 6447584
1556, 6447584
1556, 6447584
1560, 6470756
1560, 6470756
1560, 6470756
1560, 6470756
1561, 6476561
1562, 6482366
1564, 6489284
1564, 6489284
1566, 6494918
1566, 6494918
1567, 6497735
1570, 6504101
1570, 6504101
1570, 6504101
1571, 6507315
1572, 6510529
1573, 6513743
1574, 6516702
1575, 6522422
1576, 6528142
1577, 6533961
1578, 6539780
1579, 6545599
1582, 6563017
1582, 6563017
1582, 6563017
1585, 6580282
1585, 6580282
1585, 6580282
1587, 6591800
1587, 6591800
1587, 6591800
1591, 6614744
1591, 6614744
1591, 6614744
1591, 6614744
1592, 6617372
1593, 6622244
1594, 6627116
1595, 6630051
1597, 6635901
1597, 6635901
1598, 6638826
1602, 6660722
1602, 6660722
1602, 6660722
1602, 6660722
1606, 6679346
1606, 6679346
1606, 6679346
1606, 6679346
1607, 6684199
1611, 6705059
1611, 6705059
1611, 6705059
1611, 6705059
1612, 6710450
1613, 6715769
1614, 6720919
1615, 6726078
1618, 6741555
1618, 6741555
1618, 6741555
1619, 6746712
1622, 6762165
1622, 6762165
1622, 6762165
1624, 6772121
1624, 6772121
1628, 6788529
1628, 6788529
1628, 6788529
1628, 6788529
1629, 6792265
1630, 6796969
1631, 6801673
1633, 6807315
1634, 6810136
1634, 6810136
1635, 6815914
1636, 6821692
1637, 6827521
1638, 6833344
1639, 6839170
1639, 6839170
1641, 6850822
1641, 6850822
1642, 6856516
1643, 6862320
1644, 6868136
1645, 6873947
1647, 6885569
1647, 6885569
1649, 6897195
1649, 6897195
1651, 6908821
1651, 6908821
1654, 6925234
1654, 6925234
1654, 6925234
1654, 6925234
1658, 6946270
1658, 6946270
1658, 6946270
1658, 6946270
1659, 6951441
1662, 6966941
1662, 6966941
1662, 6966941
1666, 6985869
1666, 6985869
1666, 6985869
1666, 6985869
1669, 6999837
1669, 6999837
1669, 6999837
1670, 7004493
1671, 7009633
1671, 7009633
1672, 7014773
1675, 7029038
1675, 7029038
1675, 7029038
1676, 7034229
1677, 7039420
1678, 7044611
1679, 7049802
1683, 7067050
1683, 7067050
1683, 7067050
1683, 7067050
1684, 7072865
1685, 7078675
1686, 7084425
1687, 7090169
1690, 7107401
1690, 7107401
1690, 7107401
1691, 7110945
1692, 7114483
1693, 7118021
1694, 7121559
1697, 7130211
1697, 7130211
1697, 7130211
1698, 7133095
1699, 7135779
1703, 7155083
1703, 7155083
1703, 7155083
1703, 7155083
1704, 7157257
1705, 7159960
1706, 7164349
1707, 7168738
1709, 7175208
1709, 7175208
1710, 7181074
1710, 7181074
1711, 7186940
1712, 7189919
1713, 7192898
1714, 7195865
1715, 7198832
1716, 7200540
1717, 7202248
1718, 7206874
1719, 7211500
1720, 7216126
1724, 7228286
1724, 7228286
1724, 7228286
1724, 7228286
1726, 7236042
1726, 7236042
1728, 7243798
1728, 7243798
1731, 7254031
1731, 7254031
1731, 7254031
1731, 7254031
1735, 7273159
1735, 7273159
1735, 7273159
1735, 7273159
1736, 7277946
1739, 7292301
1739, 7292301
1739, 7292301
1740, 7297741
1741, 7300173
1744, 7307469
1744, 7307469
1744, 7307469
1745, 7312726
1746, 7317971
1750, 7333295
1750, 7333295
1750, 7333295
1750, 7333295
1751, 7336351
1752, 7339407
1753, 7342463
1754, 7345513
1757, 7362559
1757, 7362559
1757, 7362559
1757, 7362559
1758, 7361169
1759, 7359779
1760, 7358389
1761, 7356999
1763, 7365253
1763, 7365253
1764, 7369379
1765, 7373500
1766, 7377149
1767, 7380798
1768, 7384447
1769, 7388096
1771, 7398522
1771, 7398522
1771, 7398522
1771, 7398522
1775, 7414106
1775, 7414106
1775, 7414106
1775, 7414106
1777, 7425316
1777, 7425316
1779, 7436420
1779, 7436420
1781, 7447884
1781, 7447884
1783, 7459372
1783, 7459372
1785, 7470658
1785, 7470658
1787, 7482024
1787, 7482024
1788, 7487707
1789, 7493378
1790, 7497262
1791, 7500534
1792, 7506084
1793, 7511324
1794, 7516552
1795, 7521780
1796, 7524880
1797, 7527980
1798, 7531029
1799, 7534072
1801, 7539860
1801, 7539860
1802, 7542754
1803, 7545648
1805, 7553282
1805, 7553282
1805, 7553282
1806, 7557099
1807, 7561367
1808, 7565635
1810, 7576991
1810, 7576991
1811, 7582663
1813, 7593967
1813, 7593967
1814, 7599619
1814, 7599619
1818, 7620959
1818, 7620959
1818, 7620959
1818, 7620959
1819, 7624721
1820, 7629686
1821, 7634651
1822, 7639616
1824, 7647732
1824, 7647732
1825, 7651788
1826, 7655834
1829, 7670582
1829, 7670582
1829, 7670582
1830, 7675498
1831, 7680495
1835, 7699747
1835, 7699747
1835, 7699747
1835, 7699747
1837, 7706183
1837, 7706183
1838, 7708868
1839, 7711553
1841, 7716923
1841, 7716923
1845, 7740175
1845, 7740175
1845, 7740175
1845, 7740175
1846, 7745129
1847, 7749630
1848, 7754234
1849, 7758604
1850, 7762974
1852, 7771714
1852, 7771714
1855, 7782625
1855, 7782625
1855, 7782625
1856, 7786953
1857, 7791281
1858, 7795609
1861, 7805851
1861, 7805851
1861, 7805851
1863, 7814253
1863, 7814253
1864, 7818454
1865, 7822960
1866, 7828223
1867, 7833486
1869, 7838328
1869, 7838328
1870, 7840749
1871, 7843170
1872, 7846909
1873, 7850648
1874, 7854385
1875, 7858121
1877, 7868329
1877, 7868329
1879, 7878383
1879, 7878383
1880, 7883432
1881, 7888481
1882, 7893530
1883, 7898579
1884, 7902260
1885, 7905941
1886, 7910817
1887, 7915693
1889, 7925445
1889, 7925445
1890, 7931285
1891, 7937119
1893, 7948759
1893, 7948759
1894, 7954547
1895, 7960335
1896, 7966123
1898, 7977715
1898, 7977715
1898, 7977715
1899, 7983511
1900, 7989330
1901, 7995127
1902, 8000902
1903, 8006698
1904, 8011126
1905, 8016179
1906, 8020346
1907, 8024513
1908, 8028680
1909, 8032847
1910, 8038099
1912, 8048591
1912, 8048591
1913, 8053837
1915, 8056337
1915, 8056337
1916, 8057587
1917, 8058837
1921, 8059745
1921, 8059745
1921, 8059745
1921, 8059745
1924, 8075444
1924, 8075444
1924, 8075444
1924, 8075444
1925, 8076464
1927, 8078504
1927, 8078504
1927, 8078504
1931, 8100952
1931, 8100952
1931, 8100952
1931, 8100952
1933, 8106126
1933, 8106126
1935, 8111300
1935, 8111300
1936, 8113435
1937, 8115570
1938, 8117705
1939, 8122299
1942, 8136081
1942, 8136081
1942, 8136081
1943, 8140446
1944, 8143877
1945, 8148770
1946, 8153632
1948, 8160396
1948, 8160396
1949, 8164778
1952, 8178383
1952, 8178383
1952, 8178383
1953, 8182918
1954, 8183802
1955, 8184686
1956, 8185570
1957, 8186454
1958, 8188989
1959, 8191512
1961, 8194382
1961, 8194382
1962, 8196023
1963, 8197664
1964, 8199305
1966, 8208363
1966, 8208363
1968, 8217421
1968, 8217421
1969, 8221314
1972, 8232993
1972, 8232993
1972, 8232993
1974, 8239727
1974, 8239727
1976, 8246619
1976, 8246619
1977, 8250065
1978, 8253511
1979, 8259266
1980, 8265093
1981, 8270903
1982, 8276730
1985, 8294193
1985, 8294193
1985, 8294193
1986, 8300033
1987, 8305873
1991, 8320937
1991, 8320937
1991, 8320937
1991, 8320937
1994, 8337899
1994, 8337899
1995, 8343553
1995, 8343553
1999, 8356541
1999, 8356541
1999, 8356541
1999, 8356541
2000, 8360224
2001, 8363907
2002, 8367431
2003, 8371852
2004, 8376874
2005, 8381241
2006, 8386514
2007, 8391787
2010, 8404180
2010, 8404180
2010, 8404180
2010, 8404180
2013, 8414476
2013, 8414476
2013, 8414476
2014, 8417908
2017, 8429181
2018, 8432937
2018, 8432937
2018, 8432937
2019, 8436633
2020, 8442293
2021, 8447947
2023, 8459211
2023, 8459211
2024, 8464843
2025, 8468021
2026, 8469976
2028, 8473862
2028, 8473862
2029, 8477016
2030, 8480164
2031, 8483312
2032, 8486460
2033, 8490799
2034, 8495138
2036, 8501636
2036, 8501636
2037, 8503578
2038, 8508657
2039, 8513736
2040, 8518573
2041, 8521223
2042, 8523873
2044, 8528785
2044, 8528785
2046, 8533687
2046, 8533687
2047, 8536875
2050, 8546439
2050, 8546439
2050, 8546439
2052, 8553327
2052, 8553327
2053, 8556771
2054, 8560215
2056, 8565839
2056, 8565839
2057, 8568645
2058, 8571445
2059, 8575192
2060, 8578763
2061, 8584082
2064, 8600039
2064, 8600039
2064, 8600039
2065, 8603077
2065, 8603077
2065, 8603077
2066, 8606115
2067, 8610957
2071, 8606561
2071, 8606561
2071, 8606561
2071, 8606561
2073, 8616187
2073, 8616187
2074, 8621000
2075, 8625813
2076, 8630894
2079, 8646137
2079, 8646137
2079, 8646137
2081, 8652749
2081, 8652749
2082, 8656055
2083, 8659987
2084, 8664517
2085, 8669595
2086, 8674559
2090, 8682883
2090, 8682883
2090, 8682883
2090, 8682883
2091, 8687871
2094, 8702799
2094, 8702799
2094, 8702799
2096, 8712365
2096, 8712365
2097, 8717142
2098, 8721919
2099, 8725230
2102, 8735163
2102, 8735163
2102, 8735163
2103, 8737758
2105, 8742948
2105, 8742948
2105, 8742948
2106, 8748061
2107, 8753253
2108, 8758439
2110, 8768799
2110, 8768799
2112, 8778227
2112, 8778227
2114, 8787655
2114, 8787655
2118, 8805027
2118, 8805027
2118, 8805027
2118, 8805027
2119, 8809465
2120, 8814060
2121, 8818472
2122, 8822878
2124, 8831678
2124, 8831678
2125, 8834292
2126, 8836906
2128, 8844026
2128, 8844026
2130, 8851134
2130, 8851134
2131, 8856183
2132, 8861626
2133, 8867161
2134, 8872469
2138, 8893833
2138, 8893833
2138, 8893833
2138, 8893833
2140, 8904649
2140, 8904649
2142, 8914301
2142, 8914301
2143, 8918182
2144, 8922057
2145, 8925932
2148, 8937164
2148, 8937164
2148, 8937164
2149, 8940898
2150, 8946057
2151, 8951216
2152, 8956375
2153, 8961534
2157, 8982062
2157, 8982062
2157, 8982062
2157, 8982062
2159, 8991670
2159, 8991670
2159, 8991670
2160, 8996474
2162, 9005124
2162, 9005124
2162, 9005124
2163, 9009449
2166, 9025271
2166, 9025271
2166, 9025271
2167, 9030545
2168, 9035331
2169, 9040117
2170, 9044903
2171, 9049689
2173, 9061047
2173, 9061047
2175, 9072405
2175, 9072405
2176, 9076717
2177, 9081029
2178, 9085341
2179, 9089653
2181, 9099859
2181, 9099859
2182, 9104962
2183, 9110065
2186, 9124732
2186, 9124732
2186, 9124732
2187, 9129621
2188, 9134836
2188, 9134836
2189, 9140051
2190, 9145266
2192, 9155240
2192, 9155240
2194, 9165716
2194, 9165716
2196, 9175972
2196, 9175972
2198, 9186228
2198, 9186228
2200, 9194632
2200, 9194632
2201, 9198831
2202, 9203024
2205, 9216230
2205, 9216230
2205, 9216230
2205, 9216230
2207, 9227238
2207, 9227238
2208, 9232897
2209, 9238556
2211, 9249672
2211, 9249672
2212, 9255392
2212, 9255392
2213, 9261112
2214, 9266832
2215, 9267362
2216, 9273112
2217, 9278862
2218, 9284612
2220, 9294196
2220, 9294196
2220, 9294196
2224, 9313080
2224, 9313080
2224, 9313080
2224, 9313080
2227, 9319920
2227, 9319920
2227, 9319920
2227, 9319920
2228, 9322341
2229, 9324762
2230, 9327183
2231, 9329604
2234, 9332835
2234, 9332835
2234, 9332835
2236, 9341301
2236, 9341301
2237, 9345528
2238, 9349713
2240, 9358083
2240, 9358083
2241, 9361976
2242, 9365869
2243, 9369762
2244, 9373655
2245, 9379218
2246, 9384781
2247, 9389129
2250, 9402173
2250, 9402173
2250, 9402173
2251, 9407667
2252, 9413232
2253, 9418765
2254, 9424298
2256, 9435416
2256, 9435416
2258, 9446636
2258, 9446636
2259, 9452220
2259, 9452220
2260, 9457804
2263, 9475198
2263, 9475198
2263, 9475198
2264, 9480996
2265, 9486572
2266, 9492282
2267, 9493206
2268, 9494130
2270, 9503024
2270, 9503024
2271, 9507471
2273, 9517283
2273, 9517283
2274, 9522189
2275, 9527095
2276, 9531882
2278, 9535810
2278, 9535810
2280, 9539736
2280, 9539736
2281, 9543927
2284, 9556500
2284, 9556500
2284, 9556500
2285, 9561863
2286, 9567226
2288, 9577952
2288, 9577952
2291, 9586330
2291, 9586330
2291, 9586330
2292, 9589208
2293, 9592086
2294, 9594964
2295, 9597842
2296, 9600703
2298, 9606425
2298, 9606425
2300, 9607941
2300, 9607941
2300, 9607941
2301, 9608699
2304, 9625997
2304, 9625997
2304, 9625997
2304, 9625997
2308, 9648781
2308, 9648781
2308, 9648781
2308, 9648781
2311, 9656023
2311, 9656023
2311, 9656023
2313, 9665111
2314, 9669655
2314, 9669655
2315, 9674199
2316, 9678917
2317, 9683635
2319, 9693861
2319, 9693861
2321, 9703539
2321, 9703539
2322, 9708350
2323, 9713053
2324, 9716630
2325, 9721402
2326, 9726218
2327, 9730969
2328, 9735720
2329, 9740471
2330, 9745222
2332, 9754106
2332, 9754106
2334, 9763544
2334, 9763544
2336, 9771936
2336, 9771936
2336, 9771936
2337, 9776132
2340, 9777470
2341, 9777916
2341, 9777916
2341, 9777916
2345, 9798420
2345, 9798420
2345, 9798420
2345, 9798420
2349, 9818060
2349, 9818060
2349, 9818060
2349, 9818060
2353, 9834700
2353, 9834700
2353, 9834700
2353, 9834700
2357, 9855864
2357, 9855864
2357, 9855864
2357, 9855864
2359, 9867430
2359, 9867430
2361, 9879056
2361, 9879056
2363, 9890654
2363, 9890654
2365, 9902274
2365, 9902274
2367, 9913894
2367, 9913894
2371, 9922370
2371, 9922370
2371, 9922370
2371, 9922370
2372, 9924338
2373, 9929810
2374, 9934836
2378, 9956576
2378, 9956576
2378, 9956576
2378, 9956576
2382, 9979828
2382, 9979828
2382, 9979828
2382, 9979828
2383, 9983009
2384, 9986188
2386, 9987480
2386, 9987480
2388, 9995032
2388, 9995032
2389, 9998772
2390, 10002271
2391, 10005770
2393, 10012744
2393, 10012744
2395, 10022362
2395, 10022362
2399, 10034374
2399, 10034374
2399, 10034374
2399, 10034374
2402, 10042378
2402, 10042378
2402, 10042378
2402, 10042378
2403, 10046230
2407, 10061186
2407, 10061186
2407, 10061186
2407, 10061186
2409, 10068854
2409, 10068854
2411, 10076522
2411, 10076522
2412, 10081803
2413, 10087315
2414, 10093035
2415, 10098841
2416, 10104647
2417, 10110430
2418, 10116218
2419, 10122006
2421, 10133586
2421, 10133586
2423, 10145142
2423, 10145142
2425, 10156040
2425, 10156040
2427, 10164142
2427, 10164142
2428, 10166373
2429, 10169422
2430, 10170070
2432, 10172160
2432, 10172160
2433, 10173205
2434, 10174250
2437, 10191752
2437, 10191752
2437, 10191752
2437, 10191752
2438, 10196830
2439, 10197204
2441, 10197952
2441, 10197952
2442, 10198326
2443, 10203455
2444, 10208584
2446, 10219886
2446, 10219886
2448, 10229722
2448, 10229722
2450, 10239828
2450, 10239828
2451, 10243168
2452, 10246508
2454, 10254780
2454, 10254780
2454, 10254780
2456, 10262042
2456, 10262042
2458, 10269312
2458, 10269312
2458, 10269312
2459, 10275005
2460, 10280686
2461, 10283409
2463, 10284569
2463, 10284569
2465, 10292665
2465, 10292665
2466, 10295782
2467, 10298899
2469, 10310093
2469, 10310093
2470, 10314707
2471, 10319309
2472, 10324129
2473, 10329008
2474, 10333887
2475, 10338760
2477, 10344826
2477, 10344826
2481, 10360666
2481, 10360666
2481, 10360666
2481, 10360666
2482, 10364588
2483, 10368504
2484, 10372414
2485, 10377084
2486, 10381754
2488, 10390940
2488, 10390940
2489, 10395533
2490, 10400551
2491, 10405561
2492, 10410532
2494, 10420474
2494, 10420474
2495, 10424337
2496, 10428200
2497, 10432651
2499, 10440617
2499, 10440617
2501, 10449799
2501, 10449799
2503, 10458981
2503, 10458981
2505, 10456501
2505, 10456501
2506, 10455255
2507, 10454009
2509, 10462725
2509, 10462725
2511, 10473649
2511, 10473649
2513, 10477843
2513, 10477843
2514, 10479940
2515, 10482037
2516, 10484923
2517, 10486929
2519, 10490929
2519, 10490929
2522, 10499941
2522, 10499941
2522, 10499941
2524, 10508863
2524, 10508863
2524, 10508863
2527, 10523965
2527, 10523965
2527, 10523965
2528, 10528999
2531, 10542220
2531, 10542220
2531, 10542220
2531, 10542220
2533, 10539050
2533, 10539050
2535, 10535880
2535, 10535880
2539, 10550668
2539, 10550668
2539, 10550668
2539, 10550668
2540, 10555583
2541, 10560890
2542, 10564530
2543, 10569429
2545, 10578913
2545, 10578913
2547, 10581863
2547, 10581863
2548, 10583338
2551, 10600774
2551, 10600774
2551, 10600774
2552, 10604281
2553, 10607788
2554, 10611295
2555, 10614802
2557, 10623468
2557, 10623468
2558, 10627220
2558, 10627220
2560, 10631766
2560, 10631766
2562, 10637222
2562, 10637222
2564, 10642678
2564, 10642678
2565, 10648053
2567, 10658803
2567, 10658803
2568, 10664178
2572, 10686806
2572, 10686806
2572, 10686806
2572, 10686806
2573, 10689404
2574, 10692002
2576, 10697198
2576, 10697198
2580, 10706958
2580, 10706958
2580, 10706958
2580, 10706958
2581, 10710491
2582, 10713864
2582, 10713864
2583, 10719608
2584, 10725352
2586, 10736456
2586, 10736456
2587, 10742002
2589, 10749352
2589, 10749352
2591, 10758250
2591, 10758250
2592, 10762699
2593, 10766453
2595, 10773961
2595, 10773961
2597, 10779807
2597, 10779807
2598, 10781648
2598, 10781648
2601, 10796054
2601, 10796054
2601, 10796054
2604, 10804715
2604, 10804715
2604, 10804715
2605, 10807744
2606, 10811793
2608, 10813295
2608, 10813295
2609, 10814395
2611, 10816595
2611, 10816595
2613, 10820189
2614, 10821986
2614, 10821986
2616, 10829396
2616, 10829396
2616, 10829396
2617, 10833101
2621, 10851587
2621, 10851587
2621, 10851587
2621, 10851587
2622, 10855019
2623, 10858117
2625, 10864303
2625, 10864303
2626, 10867389
2628, 10874847
2628, 10874847
2629, 10878576
2630, 10882200
2631, 10885824
2632, 10889448
2634, 10895142
2634, 10895142
2635, 10897989
2637, 10905589
2637, 10905589
2637, 10905589
2638, 10909120
2639, 10912645
2640, 10916170
2641, 10921546
2642, 10926922
2643, 10932298
2645, 10940752
2645, 10940752
2646, 10944979
2647, 10947445
2649, 10952377
2649, 10952377
2652, 10967182
2652, 10967182
2652, 10967182
2653, 10968216
2655, 10978192
2655, 10978192
2656, 10983374
2658, 10993714
2658, 10993714
2659, 10998956
2660, 11004311
2662, 11015011
2662, 11015011
2663, 11019611
2664, 11024211
2665, 11028811
2666, 11033411
2670, 11054535
2670, 11054535
2670, 11054535
2670, 11054535
2671, 11058730
2672, 11062925
2673, 11068585
2676, 11085565
2676, 11085565
2676, 11085565
2680, 11108313
2680, 11108313
2680, 11108313
2680, 11108313
2683, 11125278
2683, 11125278
2683, 11125278
2684, 11130933
2685, 11136432
2688, 11152929
2688, 11152929
2688, 11152929
2692, 11175109
2692, 11175109
2692, 11175109
2692, 11175109
2694, 11175637
2694, 11175637
2695, 11175901
2695, 11175901
2698, 11190964
2698, 11190964
2698, 11190964
2699, 11195985
2700, 11200827
2701, 11206454
2702, 11212081
2703, 11217708
2704, 11223335
2707, 11232635
2707, 11232635
2707, 11232635
2707, 11232635
2708, 11236349
2710, 11243547
2710, 11243547
2711, 11246680
2712, 11249813
2713, 11252946
2716, 11261406
2716, 11261406
2716, 11261406
2717, 11266652
2719, 11275722
2719, 11275722
2720, 11280257
2721, 11284792
2722, 11288188
2724, 11294980
2724, 11294980
2727, 11311309
2728, 11316752
2729, 11320192
2730, 11325823
2732, 11337173
2732, 11337173
2736, 11355209
2736, 11355209
2736, 11355209
2736, 11355209
2740, 11373629
2740, 11373629
2740, 11373629
2740, 11373629
2744, 11390993
2744, 11390993
2744, 11390993
2744, 11390993
2748, 11409149
2748, 11409149
2748, 11409149
2748, 11409149
2752, 11428457
2752, 11428457
2752, 11428457
2752, 11428457
2753, 11433005
2754, 11437553
2755, 11442101
2756, 11446649
Average Score = 692.23
