2, 10356
2, 10356
3, 16002
5, 27294
5, 27294
6, 32479
9, 42841
9, 42841
9, 42841
12, 57568
12, 57568
12, 57568
13, 63013
15, 73807
16, 79204
16, 79204
18, 90904
18, 90904
21, 103279
21, 103279
21, 103279
24, 116200
24, 116200
24, 116200
26, 127994
26, 127994
27, 133467
28, 139134
31, 155742
31, 155742
31, 155742
33, 161536
33, 161536
35, 171838
35, 171838
36, 176989
38, 187931
38, 187931
39, 193402
41, 204418
41, 204418
42, 209954
43, 215490
46, 232713
46, 232713
46, 232713
49, 250230
49, 250230
49, 250230
50, 255091
53, 271600
53, 271600
53, 271600
55, 281168
57, 290736
57, 290736
57, 290736
60, 304044
60, 304044
60, 304044
61, 308480
62, 313786
63, 319092
65, 329704
65, 329704
66, 335280
67, 340856
69, 352008
69, 352008
71, 363292
71, 363292
72, 368415
73, 373538
75, 383784
75, 383784
76, 389499
80, 411923
80, 411923
80, 411923
80, 411923
82, 422775
82, 422775
84, 433627
84, 433627
88, 454451
88, 454451
88, 454451
88, 454451
92, 477275
92, 477275
92, 477275
92, 477275
94, 488953
94, 488953
95, 493940
99, 513232
99, 513232
99, 513232
99, 513232
100, 517454
101, 521676
103, 530120
103, 530120
105, 541624
106, 547376
106, 547376
107, 553128
108, 558482
112, 580842
112, 580842
112, 580842
112, 580842
113, 585815
115, 597153
117, 608491
117, 608491
117, 608491
118, 614002
121, 631003
121, 631003
122, 636670
122, 636670
126, 657522
126, 657522
126, 657522
126, 657522
127, 663112
131, 684384
131, 684384
131, 684384
131, 684384
135, 704036
135, 704036
135, 704036
135, 704036
136, 708217
140, 726233
140, 726233
140, 726233
140, 726233
144, 749437
144, 749437
144, 749437
144, 749437
148, 772801
148, 772801
148, 772801
148, 772801
150, 782627
150, 782627
152, 793459
152, 793459
154, 804433
154, 804433
156, 816017
156, 816017
158, 827043
158, 827043
160, 837719
160, 837719
162, 849447
162, 849447
164, 860541
164, 860541
166, 872273
166, 872273
167, 877948
168, 883623
170, 895401
170, 895401
172, 906831
172, 906831
173, 911702
175, 923256
175, 923256
176, 929097
177, 934938
178, 940806
180, 952542
180, 952542
181, 958410
182, 963681
183, 968329
184, 974308
185, 980049
186, 985836
187, 990892
188, 995564
189, 1001248
190, 1007033
191, 1012448
192, 1018281
193, 1023974
194, 1029233
195, 1035115
196, 1040976
197, 1046281
198, 1052163
199, 1057148
200, 1061951
201, 1066754
202, 1071557
203, 1076360
204, 1081535
205, 1086710
207, 1097658
207, 1097658
208, 1103132
209, 1108206
210, 1114004
211, 1119832
212, 1124905
213, 1129846
214, 1135482
215, 1141027
216, 1146773
217, 1152425
218, 1157324
219, 1162386
220, 1168226
221, 1174118
222, 1180018
225, 1198018
225, 1198018
225, 1198018
227, 1210018
227, 1210018
228, 1216018
230, 1228018
230, 1228018
233, 1246018
233, 1246018
233, 1246018
236, 1264018
236, 1264018
236, 1264018
239, 1282018
239, 1282018
239, 1282018
242, 1300018
242, 1300018
242, 1300018
245, 1318018
245, 1318018
245, 1318018
247, 1330018
247, 1330018
248, 1336018
250, 1348018
250, 1348018
251, 1354018
252, 1360018
256, 1384018
256, 1384018
256, 1384018
256, 1384018
260, 1408018
260, 1408018
260, 1408018
260, 1408018
264, 1432018
264, 1432018
264, 1432018
264, 1432018
268, 1456018
268, 1456018
268, 1456018
268, 1456018
272, 1480018
272, 1480018
272, 1480018
272, 1480018
276, 1504018
276, 1504018
276, 1504018
276, 1504018
279, 1522018
279, 1522018
279, 1522018
280, 1528018
284, 1552018
284, 1552018
284, 1552018
284, 1552018
288, 1576018
288, 1576018
288, 1576018
288, 1576018
292, 1600018
292, 1600018
292, 1600018
292, 1600018
296, 1624018
296, 1624018
296, 1624018
296, 1624018
300, 1648018
300, 1648018
300, 1648018
300, 1648018
304, 1672018
304, 1672018
304, 1672018
304, 1672018
308, 1696018
308, 1696018
308, 1696018
308, 1696018
312, 1720018
312, 1720018
312, 1720018
312, 1720018
316, 1744018
316, 1744018
316, 1744018
316, 1744018
320, 1768018
320, 1768018
320, 1768018
320, 1768018
324, 1792018
324, 1792018
324, 1792018
324, 1792018
328, 1816018
328, 1816018
328, 1816018
328, 1816018
332, 1840018
332, 1840018
332, 1840018
332, 1840018
336, 1864018
336, 1864018
336, 1864018
336, 1864018
340, 1888018
340, 1888018
340, 1888018
340, 1888018
343, 1906018
344, 1912018
344, 1912018
344, 1912018
348, 1936018
348, 1936018
348, 1936018
348, 1936018
352, 1960018
352, 1960018
352, 1960018
352, 1960018
356, 1984018
356, 1984018
356, 1984018
356, 1984018
360, 2008018
360, 2008018
360, 2008018
360, 2008018
364, 2032018
364, 2032018
364, 2032018
364, 2032018
368, 2056018
368, 2056018
368, 2056018
368, 2056018
372, 2080018
372, 2080018
372, 2080018
372, 2080018
376, 2104018
376, 2104018
376, 2104018
376, 2104018
379, 2122018
379, 2122018
380, 2128018
380, 2128018
384, 2152018
384, 2152018
384, 2152018
384, 2152018
388, 2176018
388, 2176018
388, 2176018
388, 2176018
392, 2200018
392, 2200018
392, 2200018
392, 2200018
396, 2224018
396, 2224018
396, 2224018
396, 2224018
400, 2248018
400, 2248018
400, 2248018
400, 2248018
404, 2272018
404, 2272018
404, 2272018
404, 2272018
408, 2296018
408, 2296018
408, 2296018
408, 2296018
412, 2320018
412, 2320018
412, 2320018
412, 2320018
416, 2344018
416, 2344018
416, 2344018
416, 2344018
420, 2368018
420, 2368018
420, 2368018
420, 2368018
424, 2392018
424, 2392018
424, 2392018
424, 2392018
428, 2416018
428, 2416018
428, 2416018
428, 2416018
432, 2440018
432, 2440018
432, 2440018
432, 2440018
436, 2464018
436, 2464018
436, 2464018
436, 2464018
440, 2488018
440, 2488018
440, 2488018
440, 2488018
444, 2512018
444, 2512018
444, 2512018
444, 2512018
448, 2536018
448, 2536018
448, 2536018
448, 2536018
452, 2560018
452, 2560018
452, 2560018
452, 2560018
456, 2584018
456, 2584018
456, 2584018
456, 2584018
460, 2608018
460, 2608018
460, 2608018
460, 2608018
464, 2632018
464, 2632018
464, 2632018
464, 2632018
468, 2656018
468, 2656018
468, 2656018
468, 2656018
472, 2680018
472, 2680018
472, 2680018
472, 2680018
476, 2704018
476, 2704018
476, 2704018
476, 2704018
480, 2728018
480, 2728018
480, 2728018
480, 2728018
484, 2752018
484, 2752018
484, 2752018
484, 2752018
488, 2776018
488, 2776018
488, 2776018
488, 2776018
492, 2800018
492, 2800018
492, 2800018
492, 2800018
496, 2824018
496, 2824018
496, 2824018
496, 2824018
500, 2848018
500, 2848018
500, 2848018
500, 2848018
504, 2872018
504, 2872018
504, 2872018
504, 2872018
508, 2896018
508, 2896018
508, 2896018
508, 2896018
512, 2920018
512, 2920018
512, 2920018
512, 2920018
516, 2944018
516, 2944018
516, 2944018
516, 2944018
520, 2968018
520, 2968018
520, 2968018
520, 2968018
524, 2992018
524, 2992018
524, 2992018
524, 2992018
528, 3016018
528, 3016018
528, 3016018
528, 3016018
532, 3040018
532, 3040018
532, 3040018
532, 3040018
536, 3064018
536, 3064018
536, 3064018
536, 3064018
540, 3088018
540, 3088018
540, 3088018
540, 3088018
544, 3112018
544, 3112018
544, 3112018
544, 3112018
548, 3136018
548, 3136018
548, 3136018
548, 3136018
552, 3160018
552, 3160018
552, 3160018
552, 3160018
556, 3184018
556, 3184018
556, 3184018
556, 3184018
560, 3208018
560, 3208018
560, 3208018
560, 3208018
564, 3232018
564, 3232018
564, 3232018
564, 3232018
568, 3256018
568, 3256018
568, 3256018
568, 3256018
572, 3280018
572, 3280018
572, 3280018
572, 3280018
576, 3304018
576, 3304018
576, 3304018
576, 3304018
580, 3328018
580, 3328018
580, 3328018
580, 3328018
584, 3352018
584, 3352018
584, 3352018
584, 3352018
588, 3376018
588, 3376018
588, 3376018
588, 3376018
592, 3400018
592, 3400018
592, 3400018
592, 3400018
596, 3424018
596, 3424018
596, 3424018
596, 3424018
600, 3448018
600, 3448018
600, 3448018
600, 3448018
604, 3472018
604, 3472018
604, 3472018
604, 3472018
605, 3478018
609, 3502018
609, 3502018
609, 3502018
609, 3502018
613, 3526018
613, 3526018
613, 3526018
613, 3526018
617, 3550018
617, 3550018
617, 3550018
617, 3550018
621, 3574018
621, 3574018
621, 3574018
621, 3574018
625, 3598018
625, 3598018
625, 3598018
625, 3598018
629, 3622018
629, 3622018
629, 3622018
629, 3622018
633, 3646018
633, 3646018
633, 3646018
633, 3646018
637, 3670018
637, 3670018
637, 3670018
637, 3670018
641, 3694018
641, 3694018
641, 3694018
641, 3694018
644, 3712018
645, 3718018
645, 3718018
645, 3718018
649, 3742018
649, 3742018
649, 3742018
649, 3742018
653, 3766018
653, 3766018
653, 3766018
653, 3766018
657, 3790018
657, 3790018
657, 3790018
657, 3790018
661, 3814018
661, 3814018
661, 3814018
661, 3814018
665, 3838018
665, 3838018
665, 3838018
665, 3838018
669, 3862018
669, 3862018
669, 3862018
669, 3862018
673, 3886018
673, 3886018
673, 3886018
673, 3886018
677, 3910018
677, 3910018
677, 3910018
677, 3910018
681, 3934018
681, 3934018
681, 3934018
681, 3934018
685, 3958018
685, 3958018
685, 3958018
685, 3958018
689, 3982018
689, 3982018
689, 3982018
689, 3982018
693, 4006018
693, 4006018
693, 4006018
693, 4006018
697, 4030018
697, 4030018
697, 4030018
697, 4030018
701, 4054018
701, 4054018
701, 4054018
701, 4054018
705, 4078018
705, 4078018
705, 4078018
705, 4078018
708, 4096018
709, 4102018
709, 4102018
709, 4102018
713, 4126018
713, 4126018
713, 4126018
713, 4126018
717, 4150018
717, 4150018
717, 4150018
717, 4150018
720, 4168018
720, 4168018
720, 4168018
724, 4192018
724, 4192018
724, 4192018
724, 4192018
726, 4204018
726, 4204018
729, 4222018
729, 4222018
729, 4222018
730, 4228018
731, 4234018
732, 4240018
733, 4246018
734, 4252018
735, 4258018
736, 4264018
740, 4288018
740, 4288018
740, 4288018
740, 4288018
742, 4300018
743, 4306018
743, 4306018
746, 4324018
746, 4324018
746, 4324018
749, 4342018
749, 4342018
749, 4342018
751, 4354018
751, 4354018
752, 4360018
754, 4372018
754, 4372018
758, 4396018
758, 4396018
758, 4396018
758, 4396018
760, 4408018
760, 4408018
761, 4414018
762, 4420018
764, 4432018
764, 4432018
766, 4444018
767, 4450018
767, 4450018
770, 4468018
770, 4468018
770, 4468018
773, 4486018
773, 4486018
773, 4486018
776, 4504018
776, 4504018
776, 4504018
778, 4516018
778, 4516018
779, 4522018
780, 4528018
781, 4534018
784, 4552018
784, 4552018
784, 4552018
786, 4564018
786, 4564018
787, 4570018
788, 4576018
789, 4582018
790, 4588018
793, 4606018
793, 4606018
793, 4606018
797, 4630018
797, 4630018
797, 4630018
797, 4630018
799, 4642018
799, 4642018
801, 4654018
801, 4654018
804, 4672018
804, 4672018
804, 4672018
808, 4696018
808, 4696018
808, 4696018
808, 4696018
812, 4720018
812, 4720018
812, 4720018
812, 4720018
816, 4744018
816, 4744018
816, 4744018
816, 4744018
818, 4756018
818, 4756018
819, 4762018
820, 4768018
822, 4780018
822, 4780018
826, 4804018
826, 4804018
826, 4804018
826, 4804018
830, 4828018
830, 4828018
830, 4828018
830, 4828018
834, 4852018
834, 4852018
834, 4852018
834, 4852018
835, 4858018
838, 4876018
838, 4876018
838, 4876018
841, 4894018
841, 4894018
841, 4894018
843, 4906018
843, 4906018
844, 4912018
847, 4930018
847, 4930018
847, 4930018
848, 4936018
850, 4948018
850, 4948018
853, 4966018
853, 4966018
853, 4966018
856, 4984018
856, 4984018
856, 4984018
859, 5002018
859, 5002018
859, 5002018
862, 5020018
862, 5020018
862, 5020018
865, 5038018
865, 5038018
865, 5038018
866, 5044018
868, 5056018
869, 5062018
869, 5062018
870, 5068018
873, 5086018
873, 5086018
873, 5086018
874, 5092018
875, 5098018
876, 5104018
879, 5122018
879, 5122018
879, 5122018
882, 5140018
882, 5140018
882, 5140018
884, 5152018
884, 5152018
885, 5158018
888, 5176018
888, 5176018
888, 5176018
891, 5194018
891, 5194018
891, 5194018
893, 5206018
894, 5212018
894, 5212018
897, 5230018
897, 5230018
897, 5230018
901, 5254018
901, 5254018
901, 5254018
901, 5254018
905, 5278018
905, 5278018
905, 5278018
905, 5278018
909, 5302018
909, 5302018
909, 5302018
909, 5302018
913, 5326018
913, 5326018
913, 5326018
913, 5326018
916, 5344018
916, 5344018
916, 5344018
920, 5368018
920, 5368018
920, 5368018
920, 5368018
922, 5380018
922, 5380018
924, 5392018
924, 5392018
927, 5410018
927, 5410018
927, 5410018
929, 5422018
929, 5422018
930, 5428018
933, 5446018
933, 5446018
933, 5446018
934, 5452018
936, 5464018
936, 5464018
938, 5476018
938, 5476018
939, 5481738
940, 5487458
942, 5498446
942, 5498446
943, 5503940
945, 5515190
945, 5515190
946, 5520815
947, 5525771
948, 5530727
950, 5541621
950, 5541621
951, 5547068
952, 5552515
953, 5555726
954, 5558937
956, 5569593
956, 5569593
957, 5574967
958, 5580341
960, 5591519
960, 5591519
962, 5603035
962, 5603035
964, 5614649
964, 5614649
966, 5626309
966, 5626309
968, 5637969
968, 5637969
970, 5649585
970, 5649585
972, 5661201
972, 5661201
974, 5671839
974, 5671839
976, 5682477
976, 5682477
979, 5697102
979, 5697102
979, 5697102
981, 5707438
981, 5707438
984, 5724130
984, 5724130
984, 5724130
986, 5734382
986, 5734382
987, 5740381
989, 5751377
989, 5751377
993, 5773921
993, 5773921
993, 5773921
993, 5773921
995, 5784199
995, 5784199
996, 5789338
997, 5794477
999, 5804813
999, 5804813
1000, 5809981
1002, 5819819
1002, 5819819
1004, 5829657
1004, 5829657
1006, 5840573
1006, 5840573
1007, 5846031
1008, 5851181
1009, 5856331
1011, 5866631
1011, 5866631
1012, 5872031
1015, 5888231
1015, 5888231
1015, 5888231
1017, 5898407
1017, 5898407
1018, 5903495
1020, 5912557
1020, 5912557
1021, 5917088
1023, 5927444
1023, 5927444
1024, 5932876
1025, 5938308
1026, 5943740
1028, 5953980
1028, 5953980
1029, 5959100
1031, 5968460
1031, 5968460
1032, 5973140
1033, 5977353
1036, 5992737
1036, 5992737
1036, 5992737
1038, 6002539
1038, 6002539
1039, 6007440
1042, 6021792
1042, 6021792
1042, 6021792
1045, 6038040
1045, 6038040
1045, 6038040
1046, 6043183
1048, 6053469
1048, 6053469
1051, 6068310
1051, 6068310
1051, 6068310
1054, 6085989
1054, 6085989
1054, 6085989
1056, 6095833
1056, 6095833
1058, 6104789
1058, 6104789
1059, 6109267
1061, 6117541
1061, 6117541
1063, 6128147
1063, 6128147
1064, 6133843
1065, 6139539
1066, 6145235
1067, 6150642
1069, 6161456
1069, 6161456
1072, 6177725
1072, 6177725
1072, 6177725
1073, 6182954
1075, 6194388
1075, 6194388
1077, 6205348
1077, 6205348
1079, 6217040
1079, 6217040
1080, 6222886
1082, 6234286
1082, 6234286
1083, 6239986
1086, 6257515
1086, 6257515
1086, 6257515
1087, 6263358
1089, 6274422
1089, 6274422
1090, 6279954
1091, 6285486
1092, 6290834
1093, 6296182
1094, 6301530
1096, 6312824
1096, 6312824
1097, 6318471
1098, 6324118
1101, 6338548
1101, 6338548
1101, 6338548
1102, 6343358
1103, 6348281
1104, 6353204
1105, 6358127
1106, 6363050
1107, 6367320
1108, 6371223
1109, 6375126
1111, 6382384
1111, 6382384
1113, 6391218
1113, 6391218
1114, 6396377
1115, 6401536
1116, 6406695
1118, 6415317
1118, 6415317
Average Score = 956.37 
